0 0.1650105286087714 0.7467469409008071 0.0011254719721173483 0.019609476698776405
3 0.1664173685739181 0.7464189013277793 0.0011254719721173483 0.028575891694871132
3 0.18189260819053152 0.7494295756313459 0.0011254719721173483 0.037134079666753333
0 0.18470628812082485 0.7420632647747983 0.0011254719721173483 0.014907576152043873
2 0.19174048794655824 0.6747969278833638 0.0011254719721173483 0.017276750846133667
3 0.19314732791170489 0.7012952356157252 0.0011254719721173483 0.05379848997656836
1 0.19736784780714492 0.7475123665712055 0.0011254719721173483 0.021577714136943486
3 0.20721572756317164 0.7567885967196042 0.0011254719721173244 0.03130955480343644
0 0.21002940749346496 0.7712442072376985 0.0011254719721173244 0.022080708148919683
3 0.21284308742375835 0.7868042176516532 0.0011254719721173483 0.025805779744858058
2 0.21847044728434506 0.7927453788076021 0.0011254719721173483 0.024566519135641725
3 0.23113200697066513 0.7386552980994533 0.0011254719721173483 0.027628221817235215
3 0.23675936683125182 0.7643152824785213 0.0011254719721173483 0.019317885967196132
1 0.24097988672669185 0.7931463160635253 0.0011254719721173483 0.016183285602707542
6 0.2550482863781586 0.7337711533454829 0.0011254719721173483 0.025295495964592477
3 0.26630300609933194 0.6698398854464983 0.0011254719721173483 0.0131944806040093
2 0.2677098460644786 0.6595066388961208 0.0011254719721173483 0.014761780786253667
2 0.274744045890212 0.6642632127050245 0.0011254719721173483 0.012246810726373382
3 0.2761508858553587 0.6621491799010674 0.0011254719721173483 0.02274407706326457
0 0.28740560557653205 0.6481163759437646 0.0011254719721173483 0.015089820359281702
0 0.2916261254719721 0.6084964852902891 0.0011254719721173483 0.025222598281697515
3 0.2972534853325588 0.6204152564436345 0.0011254719721173483 0.020775839625097773
1 0.30288084519314545 0.6492827388700859 0.0011254719721173483 0.01756834157771408
0 0.30850820505373217 0.7049765686019266 0.0011254719721173483 0.01785993230929449
3 0.3282039645657856 0.6269395990627441 0.0011254719721173483 0.014871127310595967
1 0.33242448446122563 0.6595248633168446 0.0011254719721173483 0.019099192918510824
1 0.34789972407783903 0.703471960426972 0.0011254719721173483 0.019661963030460753
3 0.3577476038338657 0.7124121322572248 0.0011254719721173483 0.02048424889351736
2 0.3605612837641591 0.7262171309554803 0.0011254719721173483 0.031801614162978636
0 0.3647818036595991 0.7465282478521218 0.0011254719721173483 0.022962770111950023
2 0.37181600348533245 0.8021856287425149 0.0011254719721173483 0.03469929705805768
0 0.3746296834156258 0.7934379067951055 0.0011254719721173483 0.022015100234314106
0 0.37744336334591916 0.7886346784691486 0.0011254719721173483 0.0164588388440508
3 0.38447756317165255 0.7814462379588647 0.0011254719721173483 0.04847695912522795
2 0.3957322828928259 0.8145053371517832 0.0011254719721173483 0.015308513407966729
3 0.3971391228579726 0.8091109086175475 0.0011254719721173483 0.022598281697474645
2 0.4013596427534126 0.8175305909919292 0.0011254719721173483 0.0126112991408489
2 0.404173322683706 0.7986136422806561 0.0011254719721173483 0.053215308513407965
3 0.4196485623003194 0.8099127831293933 0.0011254719721173483 0.015745899505337065
0 0.42105540226546606 0.7785303306430618 0.0011254719721173483 0.02135902108825846
1 0.42527592216090604 0.7961168966414996 0.0011254719721173483 0.018406664931007555
2 0.43231012198663943 0.7142345743296016 0.0011254719721173955 0.018588909138244958
0 0.43653064188207946 0.6857315803176256 0.0011254719721173955 0.014652434261911082
3 0.4590400813244264 0.6271218432699819 0.0011254719721173955 0.01698516011455382
2 0.4604469212895731 0.6256274407706327 0.0011254719721173955 0.0204113512106224
3 0.4618537612547198 0.6315686019265816 0.0011254719721173955 0.03754230669096586
2 0.4688879610804531 0.477681593335069 0.0011254719721173955 0.045415256443634464
0 0.4759221609061865 0.5202538401457955 0.0011254719721173955 0.02019265816193695
0 0.49561792041823993 0.34307602186930497 0.0011254719721173955 0.02872168706066134
2 0.50827948010456 0.46536188492580055 0.0011254719721173955 0.025878677427753304
3 0.5125 0.44185238219213757 0.0011254719721173955 0.054381671439728906
0 0.5195341998257333 0.5091733923457434 0.0011254719721173955 0.03914605571465756
0 0.5265683996514667 0.4177596979953138 0.0011254719721173955 0.018880499869825654
0 0.5321957595120534 0.3998268680031242 0.0011254719721173955 0.02135902108825803
1 0.5364162794074935 0.4066045300702943 0.0011254719721173955 0.024708669617287172
1 0.5448573191983734 0.4500169226763866 0.0011254719721173955 0.031346003644884206
3 0.5476709991286668 0.429058838844051 0.0011254719721173955 0.0398750325436086
0 0.5490778390938135 0.45468237438167136 0.0011254719721173955 0.033241343400156324
3 0.5547051989544002 0.42563264774798243 0.0011254719721173955 0.015527206456651755
2 0.5575188788846935 0.47866571205415254 0.0011254719721173955 0.017495443894819118
1 0.572994118501307 0.4094493621452747 0.0011254719721173955 0.03171049205935958
3 0.5828419982573336 0.3862678989846394 0.0011254719721173955 0.01508982035928142
2 0.5842488382224803 0.3732192137464203 0.0011254719721173955 0.022816974746159815
0 0.585655678187627 0.33848346784691485 0.0011254719721173955 0.03732361364228069
2 0.5912830380482137 0.33323483467846926 0.0011254719721173955 0.017495443894819118
3 0.594096717978507 0.36383728195782356 0.0011254719721173955 0.05382764904972674
0 0.6081651176299738 0.42087607393907844 0.0011254719721173955 0.03553762041135115
2 0.6151993174557071 0.4130213486071337 0.0011254719721173955 0.028357198646185963
2 0.6194198373511471 0.39297448581098676 0.0011254719721173955 0.03331424108305157
2 0.6250471972117339 0.3788691486592033 0.0011254719721173955 0.019390054673262113
0 0.6348950769677606 0.2819877636032284 0.0011254719721173955 0.020848737307992735
2 0.6391155968632006 0.26875683415777146 0.0011254719721173955 0.04002082790939852
3 0.641929276793494 0.23934225462119257 0.0011254719721173955 0.03309481905753728
3 0.6489634766192274 0.2212639937516272 0.0011254719721173955 0.047675084613381956
0 0.658811356375254 0.21313590210882594 0.0011254719721173955 0.02004686279614674
1 0.6700660760964274 0.35842098411871914 0.0011254719721173955 0.03608435303306408
3 0.6714729160615741 0.3431051809424629 0.0011254719721173955 0.026593074720125003
2 0.6728797560267208 0.3256170268159333 0.0011254719721173955 0.033022650351470874
3 0.6742865959918675 0.3524069252798752 0.0011254719721173955 0.07275188752928927
1 0.6771002759221608 0.4334691486592034 0.0011254719721173955 0.03674043217911986
2 0.6785071158873075 0.4330682114032804 0.0011254719721173955 0.03156469669356937
2 0.6827276357827475 0.3885277271543869 0.0011254719721173955 0.059557406925279964
2 0.6911686755736275 0.375223900026035 0.0011254719721173955 0.04723769851601133
3 0.6953891954690675 0.36982947149179923 0.0011254719721173955 0.04913303827128345
2 0.6982028753993609 0.3621752147878159 0.0011254719721173955 0.051757354855506324
2 0.7094575951205343 0.253120281176777 0.0011254719721173955 0.03236657120541565
2 0.715084954981121 0.32962639937516286 0.0011254719721173955 0.0866753449622496
0 0.719305474876561 0.3533545951575111 0.0011254719721173955 0.05336110387919831
3 0.723525994772001 0.37303696953918264 0.0011254719721173955 0.08703983337672469
3 0.731967034562881 0.49601536058318146 0.0011254719721173955 0.026680551939599013
0 0.7347807144931744 0.48482593074720126 0.0011254719721173955 0.038416349908877975
2 0.7390012343886144 0.43208409268419684 0.0011254719721173955 0.02930486852382188
2 0.7418149143189078 0.4270902369174695 0.0011254719721173955 0.03229294454569129
3 0.7432217542840545 0.44188883103358506 0.0011254719721173955 0.044686279614683716
2 0.7446285942492011 0.4405766727414738 0.0011254719721173955 0.06845092423847973
6 0.7474422741794945 0.42468497787034637 0.0011254719721173955 0.030398333767248004
3 0.7530696340400812 0.7405684977870345 0.0011254719721173955 0.15399562613902618
2 0.7544764740052279 0.6933493881801615 0.0011254719721173955 0.20936214527466832
0 0.7629175137961078 0.61770528508201 0.0011254719721173955 0.032173392345743256
0 0.7643243537612545 0.6528503514709709 0.0011254719721173955 0.029077427753189226
2 0.7685448736566948 0.5502151523040876 0.0011254719721173955 0.04293600624837296
0 0.7713585535869881 0.5240080708148921 0.0011254719721173955 0.029450663889612087
3 0.7812064333430148 0.6197591772975788 0.0011254719721173955 0.04512366571205433
0 0.7826132733081614 0.6123250715959386 0.0011254719721173955 0.039148971621973484
0 0.7854269532384548 0.5274419161676647 0.0011254719721173955 0.03293444415516774
2 0.7868337932036015 0.5114696693569384 0.0011254719721173955 0.03207498047383495
0 0.7882406331687482 0.5037421504816456 0.0011254719721173955 0.02449289247591764
3 0.7910543130990415 0.5116883624056237 0.0011254719721173955 0.020411351210622115
1 0.7924611530641882 0.5430343660505078 0.0011254719721173955 0.03805259047123144
0 0.8079363926808016 0.5627167404321791 0.0011254719721173955 0.03017964071856312
3 0.8121569125762417 0.5711728716480085 0.0011254719721173955 0.0435928143712573
3 0.814970592506535 0.5825084613381932 0.0011254719721173955 0.0443946888831033
3 0.8177842724368283 0.6074394688883104 0.0011254719721173955 0.03404321791200232
0 0.8248184722625617 0.5885225201770372 0.0011254719721173955 0.02434782608695656
0 0.827632152192855 0.5774781567300183 0.0011254719721173955 0.02223306430617015
3 0.8374800319488818 0.5018836240562355 0.0011254719721173955 0.05416297839104374
0 0.8388868719140284 0.5206547774017184 0.0011254719721173955 0.02172350950273369
2 0.8402937118791751 0.5255024733142412 0.0011254719721173955 0.02996094766987767
0 0.8459210717397618 0.5172650351470972 0.0011254719721173955 0.021650611819838447
0 0.8473279117049085 0.5164267117938037 0.0011254719721173955 0.027409528768550045
3 0.8599894713912284 0.49969669356938295 0.0011254719721173008 0.029086175475136714
