1 0.1664173685739181 0.7350354352903277 0.0011254719721173483 0.013642586776194036
3 0.1832994481556782 0.7650688572118868 0.0011254719721173483 0.027877103970363068
1 0.18611312808597152 0.7729753563662721 0.0011254719721173483 0.011838608359506963
1 0.19314732791170489 0.7509329950873801 0.0011254719721173483 0.011162116453249667
2 0.19596100784199824 0.757782475638238 0.0011254719721173483 0.0274542965289524
2 0.20158836770258493 0.7164741886123862 0.0011254719721173483 0.023198034952081628
1 0.22409780714493177 0.8145232342755898 0.0011254719721173483 0.013529838125151059
2 0.22550464711007842 0.810238785535959 0.0011254719721173483 0.024353708625271794
0 0.23113200697066513 0.7732290408311187 0.0011254719721173483 0.01832165579447519
3 0.2325388469358118 0.7829409277603285 0.0011254719721173483 0.024604574373842353
1 0.2522346064478652 0.7462539260690988 0.0011254719721173483 0.01319159217202241
2 0.2606756462387453 0.7229149553032133 0.0011254719721173483 0.021083997745026863
3 0.26489616613418526 0.7051006684384312 0.0011254719721173483 0.02649593299508723
0 0.270523525994772 0.7173057099138278 0.0011254719721173483 0.014375453007973249
0 0.27333720592506533 0.6976592574695982 0.0011254719721173483 0.010598373198034779
0 0.2761508858553587 0.6959401224128211 0.0011254719721173483 0.011668921639687255
3 0.27755772582050536 0.6920500120802126 0.0011254719721173483 0.014488201659015659
1 0.2817782457159454 0.709948860433277 0.0011254719721173483 0.014319078682451334
2 0.283185085681092 0.6999706048159782 0.0011254719721173483 0.030667633083675414
1 0.28881244554167873 0.705241604252235 0.0011254719721173483 0.014375453007972964
3 0.29303296543711876 0.6876810018522993 0.0011254719721173483 0.028299911411774303
1 0.3000671652628521 0.6594656519288072 0.0011254719721173483 0.010541998872513716
0 0.31835608480975885 0.6475706692437787 0.0011254719721173483 0.022831601836192233
3 0.31976292477490553 0.6477961665458646 0.0011254719721173483 0.01234597728920022
0 0.34086552425210564 0.5687593621647742 0.0011254719721173483 0.01606668277361692
0 0.36759548358989247 0.514132640734477 0.0011254719721173483 0.014939196263187427
2 0.38307072320650587 0.5367387452685835 0.0011254719721173483 0.0144882016590158
0 0.3915117629973859 0.5150349118144479 0.0011254719721173483 0.015165257308528624
0 0.40980068254429264 0.48746758476282515 0.0011254719721173483 0.014488201659015942
3 0.4112075225094393 0.49507811870822266 0.0011254719721173483 0.026777804622694676
3 0.4182417223351727 0.5173093339776113 0.0011254719721173483 0.023355883063541968
0 0.439344321812373 0.4808173874526859 0.0011254719721173955 0.022489409680277107
2 0.45059904153354635 0.502575904002577 0.0011254719721173955 0.015502939518402172
2 0.46326060121986645 0.4763900297978578 0.0011254719721173955 0.019392767979383052
3 0.46607428115015975 0.46861037287589596 0.0011254719721173955 0.016461303052266913
3 0.4759221609061865 0.4614226463719095 0.0011254719721173955 0.031964242570669085
0 0.4899905605576532 0.3957888378835468 0.0011254719721173955 0.008597084642022992
1 0.4913974005227999 0.4009048079246194 0.0011254719721173955 0.013642586776194036
3 0.5139068399651466 0.4723028911975517 0.0011254719721173955 0.0492147861802367
1 0.5153136799302933 0.593930498510107 0.0011254719721173955 0.04633969557864219
0 0.5181273598605867 0.6099960537972134 0.0011254719721173955 0.0368665539180158
0 0.5293820795817601 0.5226730691793509 0.0011254719721173955 0.011725295965209027
1 0.5307889195469068 0.5230679713296287 0.0011254719721173955 0.01206410566159306
3 0.5350094394423468 0.515485624546992 0.0011254719721173955 0.03264073447692681
0 0.5589257188498402 0.4635084964162036 0.0011254719721173955 0.018659901747604124
0 0.5603325588149869 0.4683848755738101 0.0011254719721173955 0.021083997745027148
1 0.5631462387452802 0.45319199484577594 0.0011254719721173955 0.024973826206007885
2 0.5842488382224803 0.46170902794555846 0.0011254719721173955 0.02045486027220747
0 0.5870625181527737 0.4708371587339937 0.0011254719721173955 0.02159136667471998
2 0.5912830380482137 0.45947773214141896 0.0011254719721173955 0.02514294918257235
0 0.5983172378739471 0.45677176451638885 0.0011254719721173955 0.016461303052266913
2 0.6222335172814405 0.3832032697108802 0.0011254719721173955 0.036756060239993504
0 0.6236403572465872 0.38743134412499 0.0011254719721173955 0.020745751791898213
1 0.6489634766192274 0.22394580011274867 0.0011254719721173955 0.027510670854473743
2 0.6531839965146673 0.26803052267053246 0.0011254719721173955 0.04216799549005401
0 0.654590836479814 0.2515692196182653 0.0011254719721173955 0.01679954900539599
3 0.6616250363055474 0.27583864862688257 0.0011254719721173955 0.024184021905452085
3 0.6672523961661341 0.2542159942014979 0.0011254719721173955 0.03901667069340419
3 0.6728797560267208 0.2875360393009585 0.0011254719721173955 0.03168237094306193
1 0.6742865959918675 0.2697781267616976 0.0011254719721173955 0.01589755979705245
3 0.6756934359570141 0.2679741483450108 0.0011254719721173955 0.02446645727631477
0 0.6771002759221608 0.25492349198679237 0.0011254719721173955 0.01933639365386142
1 0.7122712750508277 0.34537609728597884 0.0011254719721173955 0.05175163082870263
3 0.7178986349114144 0.3480256905854877 0.0011254719721173955 0.06460497704759596
0 0.723525994772001 0.40937420471933644 0.0011254719721173955 0.05488209712490942
2 0.7263396747022943 0.41279979060964805 0.0011254719721173955 0.038221792703551645
3 0.731967034562881 0.4135194088749296 0.0011254719721173955 0.026356688411049305
3 0.7418149143189078 0.37797455101876465 0.0011254719721173955 0.034303777079809805
3 0.7896474731338948 0.33613070790045896 0.0011254719721173955 0.01736329226061059
0 0.8051227127505083 0.3730417975356366 0.0011254719721173955 0.024212772811468285
1 0.814970592506535 0.3049557058870903 0.0011254719721173955 0.019956511234597657
3 0.8290389921580017 0.31820367238463404 0.0011254719721173955 0.027736168156559417
3 0.8332595120534417 0.2736679552226786 0.0011254719721173955 0.026495932995087516
3 0.8402937118791751 0.275105500523476 0.0011254719721173955 0.031400499315454626
1 0.8515484316003484 0.25551542240476777 0.0011254719721173955 0.019280019328340357
