0 0.15146674411850128 0.7893780750565824 0.0011617775196049954 0.02023181926526206
0 0.15291896601800753 0.7762549025827099 0.0011617775196049954 0.02261099880632784
0 0.20229451060121983 0.7441807820537341 0.0011617775196049954 0.017083865764781193
1 0.24440894568690094 0.7456044375341324 0.0011617775196049954 0.01222668824342179
1 0.24731338948591344 0.7409566211128316 0.0011617775196049954 0.020182410045647997
0 0.26038338658146964 0.769995005690958 0.0011617775196049954 0.012101071583386585
1 0.26183560848097587 0.7902820962866355 0.0011617775196049954 0.01783756572499186
0 0.28361893697356955 0.6816655575762391 0.0011617775196049954 0.012477921563491918
0 0.28797560267208827 0.7014711176417816 0.0011617775196049954 0.01323162152370287
0 0.30104559976764445 0.6768711883848976 0.0011617775196049954 0.011514860503222337
0 0.30395004356665695 0.6947715624399068 0.0011617775196049954 0.024620865366890142
1 0.3344467034562881 0.6812049631561101 0.0011617775196049954 0.025625798647171363
1 0.37220447284345043 0.6216836024094532 0.0011617775196049954 0.02139670442598792
0 0.38817891373801916 0.5668519303041085 0.0011617775196049954 0.016162676924523254
1 0.4128666860296253 0.4842799124410007 0.0011617775196049954 0.04111852005150702
1 0.41431890792913145 0.47104829091729805 0.0011617775196049954 0.017670076844944874
0 0.4346500145222189 0.4071931553994281 0.0011617775196049954 0.017753821284968437
1 0.44336334591925647 0.42262306847374626 0.0011617775196049954 0.016372038024581884
0 0.44917223351728136 0.40551826659895945 0.0011617775196049954 0.03601010921007756
1 0.45062445541678753 0.4022099424958336 0.0011617775196049954 0.025708705642794528
0 0.46950334011036887 0.3412025366609606 0.0011617775196049954 0.021606065526046336
0 0.4811211153064187 0.31432057141343767 0.0011617775196049954 0.021941043286140206
0 0.4956433343014812 0.479506479359665 0.0011617775196049954 0.033749009329444635
0 0.4985477781004937 0.44801898863305323 0.0011617775196049954 0.023363861322138177
0 0.5493755445832122 0.5341706625849627 0.0011617775196049954 0.015953315824464482
1 0.5522799883822248 0.5061372112871176 0.0011617775196049954 0.01398532148391368
1 0.5551844321812373 0.5140267749817256 0.0011617775196049954 0.021152170661119456
0 0.5566366540807435 0.5131717442490862 0.0011617775196049954 0.012645410443538695
0 0.5871333139703745 0.5122086831888167 0.0011617775196049954 0.01942871008543726
1 0.6641010746442055 0.2852612507253054 0.0011617775196049954 0.03199037608895249
0 0.6742666279407493 0.2142459655854319 0.0011617775196049954 0.04270966441195249
0 0.6800755155387742 0.2363754338616248 0.0011617775196049954 0.028096259627862708
1 0.7221899506244552 0.4836103756430134 0.0011617775196049954 0.03441812740523197
1 0.7701132733081614 0.5376669929559411 0.0011617775196049954 0.02696570968754635
1 0.7715654952076676 0.5526991199401479 0.0011617775196049954 0.03240909828906965
1 0.8020621550972987 0.4481232504608823 0.0011617775196049954 0.03990422567116731
1 0.8282021492884112 0.4314371707862128 0.0011617775196049954 0.031404165008788426
0 0.8325588149869299 0.40635571099919376 0.0011617775196049954 0.02143857664599956
0 0.8528899215800173 0.28289547029464335 0.0011617775196049954 0.035047048149807906
