0 0.1664173685739181 0.2109365259280247 0.0011254719721173483 0.04363842448285595
3 0.16782420853906474 0.19794417682062915 0.0011254719721173483 0.08588835364125828
0 0.1706378884693581 0.20052281099461566 0.0011254719721173483 0.07636724284499849
3 0.20158836770258493 0.385391045621989 0.0011254719721173483 0.036299234910739525
2 0.20721572756317164 0.4202482289600448 0.0011254719721173244 0.03719977330688607
3 0.20862256752831831 0.4212935675828845 0.0011254719721173244 0.03788608671011616
1 0.21143624745861164 0.4808005100595068 0.0011254719721173244 0.03233210541229823
1 0.21847044728434506 0.5834499858316806 0.0011254719721173483 0.04165485973363559
2 0.21987728724949174 0.5770529895154434 0.0011254719721173483 0.03183621422499357
1 0.22972516700551845 0.5548251629356755 0.0011254719721173483 0.029626523094361232
0 0.23394568690095846 0.5356619438934538 0.0011254719721173483 0.08611448002266968
3 0.23957304676154517 0.6234188155284781 0.0011254719721173483 0.04542363275715445
2 0.25082776648271854 0.6905624822896005 0.0011254719721173483 0.05672995182771388
0 0.26208248620389196 0.7146627939926324 0.0011254719721173483 0.031141966562765334
3 0.26630300609933194 0.6716194389345421 0.0011254719721173483 0.034117313686596734
2 0.2677098460644786 0.6905624822896005 0.0011254719721173483 0.05672995182771388
2 0.27193036595991865 0.6350286200056672 0.0011254719721173483 0.03608897704732158
0 0.28881244554167873 0.5811688863700764 0.0011254719721173483 0.03312553131198626
3 0.2972534853325588 0.5732346273731932 0.0011254719721173483 0.07041654859733569
3 0.30991504501887884 0.44797251345990363 0.0011254719721173483 0.03094361008784347
0 0.3141355649143189 0.43334372343440036 0.0011254719721173483 0.053258713516576676
3 0.31694924484461223 0.4422300935109095 0.0011254719721173483 0.028146783791442545
0 0.3267971246006389 0.4973880702748653 0.0011254719721173483 0.07135874185321654
3 0.3282039645657856 0.48407339189572096 0.0011254719721173483 0.04839897988098642
3 0.33101764449607896 0.47078251629356743 0.0011254719721173483 0.02737120997449722
3 0.3338313244263723 0.49270189855483126 0.0011254719721173483 0.03233210541229823
1 0.3366450043566656 0.5160087843581747 0.0011254719721173483 0.028563332388778805
2 0.34086552425210564 0.5280093510909606 0.0011254719721173483 0.06208557665060937
2 0.3507134040081324 0.5276622272598468 0.0011254719721173483 0.05127514876735631
0 0.35212024397327907 0.5419438934542364 0.0011254719721173483 0.031439501275149266
2 0.3535270839384257 0.5208685179937658 0.0011254719721173483 0.04304335505809036
3 0.3760365233807725 0.4470799093227541 0.0011254719721173483 0.05692830830263517
3 0.3802570432762125 0.5194800226693113 0.0011254719721173483 0.04344006800793466
3 0.3858844031367992 0.5563743270048167 0.0011254719721173483 0.024794559365259376
3 0.3957322828928259 0.5481425332955507 0.0011254719721173483 0.0753754604703886
2 0.4013596427534126 0.6357159251912722 0.0011254719721173483 0.031540663077359456
2 0.4112075225094393 0.7799220742419948 0.0011254719721173483 0.052961178804193876
3 0.4182417223351727 0.7106956644941905 0.0011254719721173483 0.06446585434967403
2 0.42105540226546606 0.7375233777274013 0.0011254719721173483 0.024497024652876006
1 0.4266827621260527 0.6928435817512044 0.0011254719721173955 0.04105979030886885
2 0.43231012198663943 0.6801487673561917 0.0011254719721173955 0.024001133465570774
2 0.4379374818472263 0.6279810144516859 0.0011254719721173955 0.03272881836214196
2 0.4449716816729597 0.6264933408897704 0.0011254719721173955 0.07458203457070056
3 0.45763324135927974 0.7311759705298948 0.0011254719721173955 0.042349107395863256
0 0.46326060121986645 0.7435236610937941 0.0011254719721173955 0.034117313686596734
2 0.47170164101074646 0.7386639274582032 0.0011254719721173955 0.060895437801077035
3 0.4759221609061865 0.7084145650325872 0.0011254719721173955 0.044828563332388285
3 0.47873584083647985 0.7474907905922353 0.0011254719721173955 0.04998583168036305
2 0.4857700406622132 0.7588962879002549 0.0011254719721173955 0.04066307735902569
3 0.48717688062735987 0.7448129781807876 0.0011254719721173955 0.03907622555964849
2 0.48858372059250654 0.7463998299801642 0.0011254719721173955 0.03867951260980476
2 0.49561792041823993 0.6677514876735617 0.0011254719721173955 0.03808444318503859
2 0.50405896020912 0.5834499858316801 0.0011254719721173955 0.08092944176820595
3 0.50827948010456 0.4911150467554543 0.0011254719721173955 0.03867951260980419
2 0.5096863200697066 0.4726678945877015 0.0011254719721173955 0.0632757155001417
0 0.5181273598605867 0.4836270898271462 0.0011254719721173955 0.04810144516860362
3 0.5223478797560267 0.4677089827146497 0.0011254719721173955 0.05930858600169984
2 0.5392299593377868 0.39530886936809284 0.0011254719721173955 0.04542363275715502
2 0.5420436392680802 0.3746797959761969 0.0011254719721173955 0.04304335505808979
2 0.5490778390938135 0.35400113346557077 0.0011254719721173955 0.058217625389628436
0 0.5645530787104269 0.4217894587701895 0.0011254719721173955 0.03848115613488232
3 0.5912830380482137 0.3967965429300082 0.0011254719721173955 0.058316803627089374
3 0.5997240778390938 0.44965854349674117 0.0011254719721173955 0.041853216208557455
3 0.6081651176299738 0.48957778407480873 0.0011254719721173955 0.06932558798526543
3 0.6166061574208538 0.6269713799943324 0.0011254719721173955 0.05617058656843312
2 0.6180129973860005 0.6172697648058937 0.0011254719721173955 0.07001983564749253
2 0.6292677171071739 0.5587546047038822 0.0011254719721173955 0.04026636440918139
0 0.637708756898054 0.6857027486540096 0.0011254719721173955 0.03312553131198683
2 0.6391155968632006 0.6767767072825163 0.0011254719721173955 0.04859733635590771
3 0.6405224368283473 0.6784627373193536 0.0011254719721173955 0.04958911873051875
3 0.646149796688934 0.7616732785491638 0.0011254719721173955 0.07398696514593325
2 0.6517771565495206 0.7869637291017284 0.0011254719721173955 0.05395296117880435
3 0.6616250363055474 0.7737730235194104 0.0011254719721173955 0.039472938509492794
3 0.6672523961661341 0.798765939359592 0.0011254719721173955 0.08231793709266072
2 0.6742865959918675 0.748185038254463 0.0011254719721173955 0.07954094644375174
2 0.6911686755736275 0.6193029186738451 0.0011254719721173955 0.0641683196372918
3 0.6939823555039208 0.5886052706149048 0.0011254719721173955 0.028964012468121608
1 0.6967960354342142 0.604079059223576 0.0011254719721173955 0.04125814678379129
2 0.7010165553296542 0.5419934825729669 0.0011254719721173955 0.0662510626239731
3 0.7333738745280277 0.4066151884386508 0.0011254719721173955 0.042646642108246056
3 0.7390012343886144 0.4247152167752904 0.0011254719721173955 0.07210257863417383
3 0.7502559541097878 0.5436795126098042 0.0011254719721173955 0.1366676112213088
2 0.7544764740052279 0.7227954094644374 0.0011254719721173955 0.23187871918390499
1 0.7558833139703744 0.7065301785208274 0.0011254719721173955 0.12040238027769931
2 0.7572901539355211 0.6647761405497309 0.0011254719721173955 0.08251629356758315
2 0.7629175137961078 0.5352493624256164 0.0011254719721173955 0.10473221875885542
2 0.7727653935521348 0.5579611788041936 0.0011254719721173955 0.05415131765372678
1 0.7755790734824282 0.5863757438367805 0.0011254719721173955 0.034216491924057665
0 0.7769859134475748 0.5535477472371775 0.0011254719721173955 0.0332247095494472
3 0.7783927534127215 0.5558784358175121 0.0011254719721173955 0.04105979030886942
2 0.7812064333430148 0.5467312269764804 0.0011254719721173955 0.0682802493624257
0 0.7966816729596282 0.6236171720034005 0.0011254719721173955 0.03867951260980419
2 0.7994953528899216 0.610872768489657 0.0011254719721173955 0.041952394446018386
2 0.8023090328202149 0.614591952394446 0.0011254719721173955 0.04919240578067445
2 0.8360731919837351 0.5594488523661093 0.0011254719721173955 0.027769906489090203
3 0.8374800319488818 0.558655426466421 0.0011254719721173955 0.028960045338623105
2 0.8388868719140284 0.5613332388778687 0.0011254719721173955 0.050580901105128646
0 0.8445142317746152 0.5412992349107393 0.0011254719721173955 0.03867951260980419
2 0.8515484316003484 0.3954576367242842 0.0011254719721173955 0.04234910739586269
3 0.857175791460935 0.29999858316803596 0.0011254719721173008 0.04839897988098585
2 0.8642099912866683 0.34869509776140545 0.0011254719721173008 0.056134882402947145
