2 0.16923104850421142 0.7775210125518427 0.0011254719721173483 0.007964932623171989
0 0.18470628812082485 0.8015633091736397 0.0011254719721173483 0.006237090096452391
3 0.19174048794655824 0.8068734749682577 0.0011254719721173483 0.013485178783538743
2 0.1987746877722916 0.810771445566037 0.0011254719721173483 0.01378059771310717
2 0.20440204763287828 0.7991401153861668 0.0011254719721173483 0.005857807590586645
3 0.21706360731919838 0.8060304142427203 0.0011254719721173483 0.016435575254164263
1 0.22128412721463842 0.8233509820105706 0.0011254719721173483 0.00648994510036232
2 0.24379356665698518 0.8324221552758497 0.0011254719721173483 0.009418848895655571
3 0.25786196630845193 0.8150280488443623 0.0011254719721173483 0.00821736620207588
2 0.2592688062735986 0.8124855917800451 0.0011254719721173483 0.010128950031636918
2 0.274744045890212 0.7787010025700905 0.0011254719721173483 0.004846387574945936
3 0.283185085681092 0.7605165135388803 0.0011254719721173483 0.013569885209848564
2 0.3014740052279988 0.7168463472385525 0.0011254719721173483 0.006679586353294837
2 0.30991504501887884 0.7001052388546632 0.0011254719721173483 0.011842042683128683
0 0.3127287249491722 0.7044143095462998 0.0011254719721173483 0.012115968937364698
0 0.31694924484461223 0.7104088695515016 0.0011254719721173483 0.007248088687086636
1 0.3225766047051989 0.7235364692170104 0.0011254719721173483 0.00965063264923998
2 0.3282039645657856 0.7085701922480676 0.0011254719721173483 0.009049259164940225
1 0.3296108045309323 0.7000947032295002 0.0011254719721173483 0.008786711385880039
2 0.33242448446122563 0.6995784575965169 0.0011254719721173483 0.00648994510036232
0 0.3366450043566656 0.6950902812771104 0.0011254719721173483 0.014370592722230811
2 0.3661886436247458 0.6411689516932556 0.0011254719721173483 0.013991310216365705
3 0.37040916352018577 0.6300644027715316 0.0011254719721173483 0.016309147752209298
2 0.3732228434504791 0.635269001602017 0.0011254719721173483 0.009355635144678303
3 0.37744336334591916 0.6266866813442976 0.0011254719721173483 0.01907791004502627
2 0.37885020331106584 0.6294533365120819 0.0011254719721173483 0.01879555529065982
3 0.39291860296253256 0.5829174801674383 0.0011254719721173483 0.010008843904779638
3 0.3957322828928259 0.5876479758655919 0.0011254719721173483 0.007838505121216883
0 0.4027664827185593 0.6003117973114288 0.0011254719721173483 0.012179182688342251
0 0.4112075225094393 0.6591427282212071 0.0011254719721173483 0.014286307720927595
1 0.4280896020911994 0.619771096987353 0.0011254719721173955 0.010050986405431245
0 0.4379374818472263 0.576690925696149 0.0011254719721173955 0.0123056101902975
3 0.44215800174266634 0.5791773332345995 0.0011254719721173955 0.04416534068298546
2 0.447785361603253 0.5854144233310516 0.0011254719721173955 0.013485600208545208
0 0.4759221609061865 0.5864890570976701 0.0011254719721173955 0.009819202651846836
2 0.47873584083647985 0.5887015383818844 0.0011254719721173955 0.012474180192904355
0 0.48717688062735987 0.5589700041721075 0.0011254719721173955 0.012347752690949107
3 0.4984316003485333 0.5273631286833298 0.0011254719721173955 0.031185450482260534
2 0.5279752396166134 0.5277740180646839 0.0011254719721173955 0.010556696413251672
0 0.5406367993029335 0.4935437719103376 0.0011254719721173955 0.017025570263288187
3 0.5504846790589601 0.5413122963990438 0.0011254719721173955 0.07598292867502167
3 0.5659599186755736 0.5379408963469074 0.0011254719721173955 0.015297727736568447
0 0.568773598605867 0.536002341316929 0.0011254719721173955 0.013106317702679747
2 0.5701804385710136 0.5476968852477768 0.0011254719721173955 0.024021225371471076
0 0.577214638396747 0.5333684350261976 0.0011254719721173955 0.015339870237220197
3 0.5912830380482137 0.4794681766926686 0.0011254719721173955 0.011799900182476931
2 0.5955035579436537 0.48342957175392876 0.0011254719721173955 0.014328450221579202
3 0.6025377577693871 0.48176494297818645 0.0011254719721173955 0.016309147752209298
2 0.6180129973860005 0.3967003054127226 0.0011254719721173955 0.02090268032324502
3 0.6222335172814405 0.406456294313592 0.0011254719721173955 0.025159072889067175
0 0.6363019169329073 0.38844037528498865 0.0011254719721173955 0.010788480166836223
3 0.6391155968632006 0.3887987972530314 0.0011254719721173955 0.017320146342843686
1 0.646149796688934 0.4171183469784731 0.0011254719721173955 0.013274887705286603
3 0.6686592361312808 0.40793128183640165 0.0011254719721173955 0.021366247830413698
2 0.6700660760964274 0.40584522805414236 0.0011254719721173955 0.023346945361043793
0 0.6785071158873075 0.32137058549780223 0.0011254719721173955 0.013190602703983246
2 0.7038302352599476 0.2531840194433457 0.0011254719721173955 0.01664628775742301
3 0.706643915190241 0.2774475641935641 0.0011254719721173955 0.05480632209754049
7 0.7094575951205343 0.3171984779332837 0.0011254719721173955 0.035357558046779335
7 0.710864435085681 0.3367104557350224 0.0011254719721173955 0.040667513128894085
2 0.7446285942492011 0.4065104474269294 0.0011254719721173955 0.035803004278668026
2 0.7516627940749345 0.5308546348623235 0.0011254719721173955 0.08383407654643406
2 0.7544764740052279 0.47972103169657887 0.0011254719721173955 0.11159334172571121
2 0.7572901539355211 0.44791397932970556 0.0011254719721173955 0.057208444634687654
2 0.7727653935521348 0.3986810029433526 0.0011254719721173955 0.015002730232006484
0 0.7910543130990415 0.30127008767446256 0.0011254719721173955 0.015800487769343476
2 0.7938679930293349 0.31013960907412325 0.0011254719721173955 0.018374130284142892
2 0.8163774324716816 0.30072076017846755 0.0011254719721173955 0.013274887705286745
0 0.8177842724368283 0.30851712279903265 0.0011254719721173955 0.01816341778088429
2 0.8248184722625617 0.26440909591693357 0.0011254719721173955 0.027127970519514974
0 0.8346663520185884 0.19727777807879562 0.0011254719721173955 0.013156888703462074
2 0.8487347516700552 0.21578992505257288 0.0011254719721173955 0.0288950055718405
0 0.8515484316003484 0.19256203225587 0.0011254719721173955 0.015171300234613341
0 0.8529552715654951 0.196681461694574 0.0011254719721173008 0.018732341539682125
2 0.857175791460935 0.1712906050519227 0.0011254719721173008 0.012410966441926519
3 0.8599894713912284 0.16573179850345965 0.0011254719721173008 0.021463597006919313
3 0.8628031513215216 0.16787706249913456 0.0011254719721173008 0.023073019106807636
