0 0.16598896311356376 0.8084183296378419 0.0011617775196049954 0.009948263118995016
0 0.1877722916061574 0.8319291943828528 0.0011617775196049954 0.030598373983739862
1 0.20229451060121983 0.8400147819660014 0.0011617775196049954 0.01501847745750183
1 0.221173395294801 0.803710273466371 0.0011617775196049954 0.012535107169253337
1 0.2284345047923322 0.7826459719142644 0.0011617775196049954 0.012742054693274128
0 0.25167005518443214 0.6628161123429416 0.0011617775196049954 0.01426430155210653
0 0.25312227708393836 0.6652549889135254 0.0011617775196049954 0.008381374722838189
0 0.26183560848097587 0.6958314855875831 0.0011617775196049954 0.019571322985957238
0 0.28652338077258205 0.668931263858093 0.0011617775196049954 0.006793791574279311
0 0.28797560267208827 0.6688987435328897 0.0011617775196049954 0.010879526977088005
0 0.32718559395875685 0.5544124168514413 0.0011617775196049954 0.008957871396895882
1 0.33299448155678185 0.5746341463414635 0.0011617775196049954 0.015580192165557989
1 0.3446122567528318 0.5779453067257944 0.0011617775196049954 0.013215077605321425
1 0.37075225094394415 0.513259423503326 0.0011617775196049954 0.011204730229120443
0 0.3867266918385129 0.5229711751662971 0.0011617775196049954 0.01809312638580934
0 0.3939878013360441 0.548440354767184 0.0011617775196049954 0.013806060606060554
0 0.411414464130119 0.6039445676274944 0.0011617775196049954 0.01560532150776055
1 0.43610223642172513 0.5110569105691056 0.0011617775196049954 0.01247597930524755
1 0.44045890212024386 0.5645084996304509 0.0011617775196049954 0.03618625277161868
1 0.44191112401975013 0.5584576496674056 0.0011617775196049954 0.022192461197339242
1 0.45933778681382514 0.46614929785661496 0.0011617775196049954 0.015550628233554988
0 0.5087133313970374 0.587360384331116 0.0011617775196049954 0.01749977827051005
0 0.5217833284925936 0.5248041389504805 0.0011617775196049954 0.013835920177383443
0 0.5246877722916061 0.5495934959349593 0.0011617775196049954 0.021197339246119783
1 0.5275922160906186 0.5595565410199557 0.0011617775196049954 0.012150776053215111
1 0.5319488817891374 0.552150776053215 0.0011617775196049954 0.01584626755358471
0 0.5740633168748184 0.5510273466371027 0.0011617775196049954 0.011470805617147022
1 0.578419982573337 0.5562601626016259 0.0011617775196049954 0.017383592017738324
1 0.6147255300609932 0.5547376201034737 0.0011617775196049954 0.019837398373983888
0 0.6582921870461805 0.5075426459719142 0.0011617775196049954 0.026142202512934247
0 0.7526866105140864 0.6673318551367331 0.0011617775196049954 0.04759793052475956
1 0.768661051408655 0.6264183296378418 0.0011617775196049954 0.01803991130820407
0 0.7802788266047052 0.4786696230598669 0.0011617775196049954 0.023680709534368134
0 0.7948010455997675 0.42719881744271987 0.0011617775196049954 0.01877309682187736
0 0.7962532674992737 0.44427198817442715 0.0011617775196049954 0.014131559497413093
0 0.8064188207958174 0.4056761271249076 0.0011617775196049954 0.007893274205469253
0 0.8122277083938424 0.3893422025129343 0.0011617775196049954 0.017265336289726676
0 0.826749927388905 0.3240271988174427 0.0011617775196049954 0.015271544715447227
1 0.8543421434795235 0.2892239467849224 0.0011617775196049954 0.018004434589800517
