2 0.1706378884693581 0.8423797217968351 0.0011254719721173483 0.015583843797856076
7 0.17485840836479813 0.8357870724859623 0.0011254719721173483 0.004739025012761573
1 0.18470628812082485 0.8250561510974986 0.0011254719721173483 0.00934405308831046
0 0.18892680801626488 0.8097938999489536 0.0011254719721173483 0.003510719754977174
3 0.19314732791170489 0.8177734175599796 0.0011254719721173483 0.00879466564573761
0 0.21002940749346496 0.844088182746299 0.0011254719721173244 0.003948443083205717
3 0.21987728724949174 0.8328547728432873 0.0011254719721173483 0.00841500765696793
3 0.23113200697066513 0.8238769780500256 0.0011254719721173483 0.008200612557427291
0 0.23394568690095846 0.8354051812149055 0.0011254719721173483 0.01015696784073512
2 0.23957304676154517 0.8421965926493109 0.0011254719721173483 0.010286498213374245
3 0.2423867266918385 0.8399365109749872 0.0011254719721173483 0.009357452782031714
1 0.2480140865524252 0.8513173175089332 0.0011254719721173483 0.007365364982133684
0 0.26208248620389196 0.80940977539561 0.0011254719721173483 0.003546452271567091
2 0.2677098460644786 0.8075003190403267 0.0011254719721173483 0.006105793772332788
2 0.2817782457159454 0.8250494512506381 0.0011254719721173483 0.005936064318529901
3 0.283185085681092 0.8229769652884125 0.0011254719721173483 0.00882146503318026
0 0.2916261254719721 0.8156227667177132 0.0011254719721173483 0.005574272588055038
2 0.29303296543711876 0.8124247064828996 0.0011254719721173483 0.005735068912710659
3 0.2972534853325588 0.8111450357325165 0.0011254719721173483 0.008490939254721752
3 0.3000671652628521 0.8116966564573762 0.0011254719721173483 0.004091373149566095
1 0.3056945251234388 0.8096911689637571 0.0011254719721173483 0.00556533945890763
1 0.3267971246006389 0.7655905436447168 0.0011254719721173483 0.0059181980602348
3 0.34086552425210564 0.7263763399693721 0.0011254719721173483 0.015427514037774585
2 0.3422723642172523 0.7224323634507401 0.0011254719721173483 0.011702399183256773
3 0.3507134040081324 0.7033266334864727 0.0011254719721173483 0.007034839203675176
1 0.3605612837641591 0.6803975242470648 0.0011254719721173483 0.010353496681980658
0 0.36337496369445244 0.6766054109239409 0.0011254719721173483 0.007325165900969921
3 0.37181600348533245 0.6195093159775396 0.0011254719721173483 0.048658754466564605
2 0.3816638832413592 0.6381616896375701 0.0011254719721173483 0.02471796835119946
2 0.3858844031367992 0.6156993363961205 0.0011254719721173483 0.01761613067891787
3 0.3886980830670925 0.6084076697294538 0.0011254719721173483 0.017299004594180756
0 0.39291860296253256 0.625041156202144 0.0011254719721173483 0.013493491577335419
3 0.3971391228579726 0.6360177386421644 0.0011254719721173483 0.02123404798366522
3 0.39995280278826595 0.6381438233792752 0.0011254719721173483 0.009370852475752969
2 0.4027664827185593 0.6480886294027565 0.0011254719721173483 0.016486089841756025
3 0.40980068254429264 0.6444796452271566 0.0011254719721173483 0.021551174068402332
3 0.416834882370026 0.6656064956610516 0.0011254719721173483 0.021881699846860555
3 0.43231012198663943 0.629789114344053 0.0011254719721173955 0.012689509954058239
0 0.4351238019169328 0.6292888591117918 0.0011254719721173955 0.011027947932618716
2 0.43653064188207946 0.6269260464522717 0.0011254719721173955 0.012135655946911683
3 0.45200588149869303 0.5266579249617152 0.0011254719721173955 0.02749706482899441
1 0.45622640139413306 0.5151279351710056 0.0011254719721173955 0.011412072485962241
0 0.4618537612547198 0.33129530372639104 0.0011254719721173955 0.35259060745278203
2 0.4702948010455998 0.43389229198570706 0.0011254719721173955 0.025191424196018417
3 0.47170164101074646 0.4266117917304747 0.0011254719721173955 0.050204185809086185
0 0.4773290008713332 0.4702947932618683 0.0011254719721173955 0.024655436447166963
0 0.47873584083647985 0.473399055640633 0.0011254719721173955 0.01558831036242978
1 0.4815495207667732 0.4860394333843799 0.0011254719721173955 0.02684405308831039
3 0.4913974005227999 0.4424234303215927 0.0011254719721173955 0.04064573762123537
3 0.49421108045309325 0.452763527309852 0.0011254719721173955 0.018804236855538434
1 0.4984316003485333 0.49655819295558956 0.0011254719721173955 0.026084737110770816
3 0.5125 0.5233343542623787 0.0011254719721173955 0.059626850433894846
3 0.5181273598605867 0.5668395865237366 0.0011254719721173955 0.04515696784073505
6 0.5293820795817601 0.4642649310872895 0.0011254719721173955 0.02938999489535483
3 0.5336025994772001 0.4633046197039306 0.0011254719721173955 0.03416921898928024
0 0.5420436392680802 0.49653586013272083 0.0011254719721173955 0.02023353751914243
3 0.5476709991286668 0.5632440020418581 0.0011254719721173955 0.03215926493108732
0 0.5547051989544002 0.49969595456865745 0.0011254719721173955 0.01051875957120977
0 0.5561120389195469 0.510895865237366 0.0011254719721173955 0.017062276671771313
2 0.5645530787104269 0.500533435426238 0.0011254719721173955 0.02867534456355287
2 0.5701804385710136 0.4950172281776417 0.0011254719721173955 0.014962991322103108
3 0.5715872785361603 0.4981994321082185 0.0011254719721173955 0.029680768249106676
0 0.5758077984316003 0.47889293006636036 0.0011254719721173955 0.014337672281776435
2 0.581435158292187 0.43617023991832565 0.0011254719721173955 0.017866258295048495
3 0.585655678187627 0.43324464012251146 0.0011254719721173955 0.04390632976008163
3 0.5983172378739471 0.3977801174068402 0.0011254719721173955 0.013801684532924909
3 0.6151993174557071 0.3708913986727922 0.0011254719721173955 0.015320316488003981
2 0.6334882370026139 0.4082765441551813 0.0011254719721173955 0.011568402246043875
0 0.6363019169329073 0.38147715671260857 0.0011254719721173955 0.011568402246043804
3 0.6447429567237873 0.422457886676876 0.0011254719721173955 0.03153394589076058
3 0.6489634766192274 0.4384481878509444 0.0011254719721173955 0.03760847371107701
2 0.6517771565495206 0.4417534456355283 0.0011254719721173955 0.03153394589076058
2 0.658811356375254 0.41765632976008166 0.0011254719721173955 0.027916028586013296
3 0.6602181963404007 0.42299387442572745 0.0011254719721173955 0.018938233792751332
5 0.6658455562009874 0.3755589586523736 0.0011254719721173955 0.05860132720775915
3 0.6714729160615741 0.4352099285349668 0.0011254719721173955 0.02827335375191417
3 0.6813207958176009 0.3806731750893313 0.0011254719721173955 0.03166794282797348
1 0.6869481556781875 0.487312404287902 0.0011254719721173955 0.030819295558958685
3 0.6883549956433341 0.4785132720775907 0.0011254719721173955 0.03868044920877999
0 0.706643915190241 0.41059893440530887 0.0011254719721173955 0.01728515824400205
3 0.7080507551553876 0.41497639101582434 0.0011254719721173955 0.03318657478305262
3 0.7164917949462677 0.5032133741704952 0.0011254719721173955 0.05100816743236344
1 0.7221191548068543 0.5365786115364982 0.0011254719721173955 0.026442062276671764
0 0.7418149143189078 0.5274891526288923 0.0011254719721173955 0.016928279734558488
3 0.7432217542840545 0.5345684341500765 0.0011254719721173955 0.01697249872383871
2 0.7516627940749345 0.6095399438489025 0.0011254719721173955 0.06757912200102105
2 0.7544764740052279 0.5553602922409392 0.0011254719721173955 0.07847709290454312
2 0.7572901539355211 0.5410677322613578 0.0011254719721173955 0.018178471158754376
3 0.7586969939006678 0.5313973966309341 0.0011254719721173955 0.02331546707503833
0 0.7615106738309612 0.5673979070954569 0.0011254719721173955 0.028318019397651852
0 0.7657311937264012 0.5900634890250127 0.0011254719721173955 0.011304874936191922
2 0.7685448736566948 0.5620156967840735 0.0011254719721173955 0.015320316488004124
2 0.7727653935521348 0.5441719946401226 0.0011254719721173955 0.012327271567126062
2 0.7924611530641882 0.43112302194997454 0.0011254719721173955 0.015543644716692243
0 0.7938679930293349 0.4334903011740684 0.0011254719721173955 0.008754466564573776
2 0.8135637525413884 0.39191775140377744 0.0011254719721173955 0.01235005104645225
3 0.814970592506535 0.3895839714139867 0.0011254719721173955 0.013935681470137809
2 0.8220047923322683 0.38531840224604397 0.0011254719721173955 0.011300408371618147
2 0.8346663520185884 0.3366328483920368 0.0011254719721173955 0.020680193976518668
0 0.8374800319488818 0.32305002552322604 0.0011254719721173955 0.008790199081163906
2 0.8431073918094685 0.2902029096477795 0.0011254719721173955 0.019742215416028587
3 0.8501415916352019 0.25860196528841245 0.0011254719721173955 0.013355028075548886
3 0.8628031513215216 0.22796133231240417 0.0011254719721173008 0.03291858090862689
