3 0.1664297537196697 0.6394432708655122 0.001127723816799436 0.018413815622807306
0 0.167839408490669 0.6376419193371942 0.001127723816799436 0.01761321494355485
3 0.1720683728036669 0.6593482052534273 0.0011277238167994596 0.015791848398255297
2 0.18616492051366 0.6371915814551146 0.0011277238167994596 0.03944959847016655
3 0.19039388482665795 0.6313477969470809 0.0011277238167994596 0.0341644330860813
3 0.20730974207864966 0.5960200910740459 0.001127723816799436 0.0229560235765463
3 0.21435801593364615 0.6525430994797812 0.0011277238167994596 0.021516143254910674
2 0.2157676707046455 0.6462483766391585 0.0011277238167994596 0.017813365113367823
0 0.2171773254756448 0.6313171739710995 0.0011277238167994596 0.01685264429826496
2 0.22140628978864277 0.6229709118898923 0.0011277238167994596 0.028541414215351325
0 0.22281594455964207 0.6125731105681005 0.0011277238167994596 0.014711037481264526
3 0.23550283749863582 0.6357304852154787 0.0011277238167994596 0.02511884631154679
0 0.24114145658263306 0.6963259491264018 0.0011277238167994596 0.01589192348316203
1 0.24959938520862893 0.7286702165682023 0.0011277238167994596 0.016292223822788117
1 0.25664765906362547 0.6906917218461623 0.0011277238167994596 0.013029776054834201
3 0.2651055876896213 0.6606191588317407 0.0011277238167994596 0.019854896845461666
3 0.27074420677361855 0.6570464783005764 0.0011277238167994596 0.025238936413434773
2 0.27497317108661645 0.651442273545809 0.0011277238167994596 0.02599950705872459
0 0.28061179017061366 0.6597950405075352 0.0011277238167994596 0.012175334979902032
2 0.28202144494161296 0.6520927615977016 0.0011277238167994596 0.025939462007780634
2 0.2904793735676089 0.6639616666676198 0.0011277238167994596 0.024218170547387813
2 0.2961179926516061 0.6210795928602432 0.0011277238167994596 0.010667803900869615
3 0.2975276474226054 0.6255928791144442 0.0011277238167994596 0.025699281804004884
3 0.300346956964604 0.6228408142795137 0.0011277238167994596 0.013710286632198887
3 0.3045759212776019 0.6145846197747225 0.0011277238167994596 0.02485865109078979
1 0.3073952308196006 0.6367812736069978 0.0011277238167994596 0.013690271615217568
2 0.32008212375859435 0.6968163170424438 0.0011277238167994596 0.022636984205864224
1 0.32149177852959365 0.704812316326478 0.0011277238167994596 0.007325496215160285
3 0.322901433300593 0.7063034350915859 0.0011277238167994596 0.017433079790722984
3 0.3257207428425916 0.708425026891605 0.0011277238167994596 0.02307731457945323
0 0.33558832623958673 0.7527123550412395 0.0011277238167994596 0.016260399945787752
2 0.341226945323584 0.7689404307346027 0.0011277238167994596 0.018774085928470897
0 0.3482752191785805 0.7631673993115978 0.0011277238167994596 0.010310335697583354
2 0.359552457346575 0.7387377701098023 0.0011277238167994596 0.01957468660772335
3 0.3637814216595729 0.728784001939741 0.0011277238167994596 0.013677662154519368
2 0.37082969551456946 0.7788078341063895 0.0011277238167994596 0.01268952076615193
3 0.37223935028556876 0.7751150634733375 0.0011277238167994596 0.016072058635993754
0 0.37505865982756736 0.7807091606445293 0.0011277238167994596 0.01405034177071144
3 0.38492624322456254 0.7825706572988763 0.0011277238167994596 0.012769580834077204
1 0.3933841718505584 0.7855929248630544 0.0011277238167994596 0.013089821105778299
2 0.4046614100185529 0.7881648545451531 0.0011277238167994596 0.01475106751522702
3 0.4103000291025501 0.8204690919529911 0.0011277238167994596 0.009106832726497203
2 0.41875795772854596 0.803326229908497 0.0011277238167994596 0.025058801260602906
3 0.4384931245225363 0.7794383071413009 0.0011277238167994596 0.013790346700124018
2 0.44413174360653346 0.7709569436954699 0.0011277238167994596 0.024348268157766313
0 0.45258967223252927 0.7744945979469168 0.0011277238167994596 0.014590947379376757
0 0.4568186365455273 0.7807943245417849 0.0011277238167994596 0.0075156388764827395
2 0.4596379460875259 0.7800887951931935 0.0011277238167994596 0.014010511886918521
2 0.4652765651715231 0.782200379484722 0.0011277238167994596 0.021516143254910674
2 0.46950552948452107 0.7667287713581675 0.0011277238167994596 0.02363773505492972
3 0.4751441485685183 0.7611846116543441 0.0011277238167994596 0.012509385613320205
2 0.4765538033395177 0.7625556403175641 0.0011277238167994596 0.011928950120862113
0 0.4906503510495107 0.6069689058133332 0.0011277238167994596 0.019474611522816758
3 0.4920600058205099 0.6217800183795041 0.0011277238167994596 0.06274707823641393
1 0.5075662083015023 0.6948749604703415 0.0011277238167994596 0.013910236651842212
3 0.5103855178435011 0.6800637478290855 0.0011277238167994596 0.0248386360738084
0 0.5174337916984975 0.736946426089975 0.0011277238167994596 0.020475362371882397
2 0.5244820655534941 0.7269589326163001 0.0011277238167994596 0.022877164409639904
2 0.5273013750954927 0.711797557252956 0.0011277238167994596 0.022136608781331404
3 0.5343496489504893 0.69736673000943 0.0011277238167994596 0.02898174458894019
2 0.5428075775764851 0.710896781413712 0.0011277238167994596 0.015091522954079152
2 0.5456268871184837 0.6996984794877528 0.0011277238167994596 0.023317494783228768
3 0.5484461966604823 0.6883699798763301 0.0011277238167994596 0.04621467420984999
0 0.5498558514314817 0.6989479163509535 0.0011277238167994596 0.012409310528413755
0 0.5653620539124741 0.6261932295487986 0.0011277238167994596 0.016292023672618398
3 0.5681813634544727 0.6191480436464616 0.0011277238167994596 0.02045534735490115
3 0.5724103277674707 0.6199186218002422 0.0011277238167994596 0.03092320123612751
3 0.5780489468514679 0.6419151254627044 0.0011277238167994596 0.018273710503938147
3 0.5808682563934665 0.6455078210108499 0.0011277238167994596 0.015851893449199253
1 0.5822779111644657 0.6573267886133997 0.0011277238167994596 0.020915492595301545
0 0.5879165302484631 0.6907318519552098 0.0011277238167994596 0.007785641455560608
1 0.5893261850194623 0.6925030808829712 0.0011277238167994596 0.00836627709818842
0 0.5907358397904617 0.6909719320839006 0.0011277238167994596 0.006104580179300285
0 0.5921454945614609 0.6962799145873447 0.0011277238167994596 0.009515139072915986
1 0.5935551493324603 0.6990079614018976 0.0011277238167994596 0.005924445026468561
1 0.6090613518134528 0.5671790520544843 0.0011277238167994596 0.02796097872289316
2 0.6217482447524464 0.452172864554949 0.0011277238167994596 0.029281769693490105
2 0.6259772090654443 0.4330584232627109 0.0011277238167994596 0.04769578546646699
3 0.6273868638364437 0.4321577474985518 0.0011277238167994596 0.047495635296653946
2 0.6457123758594348 0.28016370854246647 0.0011277238167994596 0.04121091996452208
0 0.6541703044854306 0.2822540769159947 0.0011277238167994596 0.038226280632268586
2 0.6640378878824258 0.3408893701388528 0.0011277238167994596 0.06490849992022603
3 0.6781344355924187 0.2926730941557867 0.0011277238167994596 0.05382038066274873
1 0.6908213285314125 0.3687101436677919 0.0011277238167994596 0.029642240149323415
2 0.692230983302412 0.3568312310893831 0.0011277238167994596 0.02521892139645345
1 0.6950502928444106 0.393678877351979 0.0011277238167994596 0.024458350751163493
2 0.706327531012405 0.41126206977006186 0.0011277238167994596 0.02736052821345382
2 0.7161951144094002 0.5649073476271054 0.0011277238167994596 0.040590454438101206
0 0.7190144239513988 0.5862132331286274 0.0011277238167994596 0.04505360307476408
3 0.7288820073483939 0.6515623636476968 0.0011277238167994596 0.03140356164367901
0 0.742978555058387 0.5687186071606868 0.0011277238167994596 0.04008687661085155
3 0.7443882098293864 0.595740481286817 0.0011277238167994596 0.031083321371977987
3 0.7542557932263814 0.6642218618883768 0.0011277238167994596 0.06532901542700309
2 0.7556654479973808 0.6338690886362168 0.0011277238167994596 0.10169630128204772
0 0.7584847575393794 0.6333357885087497 0.0011277238167994596 0.032778793460464896
2 0.7697619957073738 0.6236914525012195 0.0011277238167994596 0.02069552755867697
2 0.7739909600203718 0.5595938609939916 0.0011277238167994596 0.02772179926996657
0 0.7768102695623704 0.5617061458111143 0.0011277238167994596 0.02213420697929365
2 0.7880875077303648 0.47793269178532244 0.0011277238167994596 0.041610019403129216
2 0.8134612936083524 0.5406891770797175 0.0011277238167994596 0.056002017513711665
2 0.8190999126923496 0.4860381732122444 0.0011277238167994596 0.03940956843620391
2 0.8261481865473462 0.4472790928279331 0.0011277238167994596 0.0601651410458247
1 0.8360157699443413 0.5116954234805886 0.0011277238167994596 0.026043540096083576
3 0.8416543890283386 0.538667660364605 0.0011277238167994596 0.013209911207666068
2 0.8515219724253338 0.4800036455923788 0.0011277238167994596 0.01897423609828394
2 0.8585702462803302 0.5006991731510557 0.0011277238167995544 0.03126345652480971
