0 0.17767208829509146 0.8011602247343126 0.0011254719721173483 0.013148988018682814
3 0.18189260819053152 0.7901790428484397 0.0011254719721173483 0.01990117105530345
0 0.18892680801626488 0.7651841196777905 0.0011254719721173483 0.012177621336221592
3 0.19174048794655824 0.7641890611250254 0.0011254719721173483 0.016536925472145185
2 0.1987746877722916 0.7644733635686726 0.0011254719721173483 0.008292154606376556
2 0.20440204763287828 0.7828819467948285 0.0011254719721173483 0.021133148311107987
1 0.21424992738890505 0.8477976714276045 0.0011254719721173483 0.013077912407770923
3 0.21706360731919838 0.8381313883435998 0.0011254719721173483 0.016015704325458558
3 0.23535252686610514 0.8022618967034454 0.0011254719721173483 0.018195356393420355
1 0.24660724658727853 0.8364018818114127 0.0011254719721173483 0.01587355310363506
2 0.2550482863781586 0.7770774385703649 0.0011254719721173483 0.008007852162729279
3 0.25786196630845193 0.7841849996615448 0.0011254719721173483 0.016631692953360755
3 0.27333720592506533 0.7319444256413727 0.0011254719721173483 0.011656400189534963
3 0.2803714057507987 0.7219109185676572 0.0011254719721173483 0.01438096527448721
3 0.283185085681092 0.725168550734448 0.0011254719721173483 0.01563663440059571
3 0.2916261254719721 0.7031588032220943 0.0011254719721173483 0.03245786231638817
2 0.2958466453674121 0.7081577878562243 0.0011254719721173483 0.014878494550869733
3 0.2972534853325588 0.7073048805252827 0.0011254719721173483 0.017721518987341797
2 0.30428768515829213 0.7034904894063493 0.0011254719721173483 0.011514248967711466
2 0.30991504501887884 0.7046040073106343 0.0011254719721173483 0.014404657144791173
2 0.31976292477490553 0.6833523996480063 0.0011254719721173483 0.015684018141203637
3 0.33523816439151893 0.6237436539633114 0.0011254719721173483 0.03226832735395675
3 0.343679204182399 0.6195501929195153 0.0011254719721173483 0.02075407838624528
2 0.34789972407783903 0.6294462871454682 0.0011254719721173483 0.024814864956339305
2 0.36196812372930576 0.5880992350910446 0.0011254719721173483 0.01916672307588158
3 0.37040916352018577 0.6138878359168755 0.0011254719721173483 0.023739254044540702
3 0.3858844031367992 0.5758623840790632 0.0011254719721173483 0.03601164286197786
3 0.39291860296253256 0.6130586204562377 0.0011254719721173483 0.01942733364922475
3 0.3957322828928259 0.6145749001556895 0.0011254719721173483 0.018574426318283484
2 0.404173322683706 0.6344286874703852 0.0011254719721173483 0.02037500846138215
3 0.4069870026139993 0.6354000541528464 0.0011254719721173483 0.03586949164015465
2 0.43231012198663943 0.618969742097069 0.0011254719721173955 0.01134840587558415
3 0.4351238019169328 0.6046006227577336 0.0011254719721173955 0.014452040885398958
2 0.4379374818472263 0.6104051309821973 0.0011254719721173955 0.022080823123265533
0 0.44075116177751966 0.6099076017058145 0.0011254719721173955 0.013314831110810133
1 0.447785361603253 0.6345945305625126 0.0011254719721173955 0.008955526974886538
0 0.45059904153354635 0.6563673593718271 0.0011254719721173955 0.013646517295065337
2 0.45200588149869303 0.6550643065051108 0.0011254719721173955 0.015778785622419064
1 0.4534127214638397 0.650752386109795 0.0011254719721173955 0.01776890272794958
3 0.4548195614289864 0.652126514587423 0.0011254719721173955 0.024023556488187835
3 0.4618537612547198 0.6266577540106952 0.0011254719721173955 0.024544777634874324
3 0.46466744118501313 0.6371769444256414 0.0011254719721173955 0.0364854802680567
3 0.4759221609061865 0.6277970960536114 0.0011254719721173955 0.020844581330806307
2 0.48295636073191983 0.677145129628376 0.0011254719721173955 0.02762472077438602
2 0.4857700406622132 0.6578244093955188 0.0011254719721173955 0.01092195221011309
3 0.48717688062735987 0.6610820415623095 0.0011254719721173955 0.0259189061125025
3 0.5026521202439733 0.6749417856901104 0.0011254719721173955 0.018195356393420212
0 0.5096863200697066 0.6897492046300684 0.0011254719721173955 0.015589250659987926
2 0.5139068399651466 0.6766476003519935 0.0011254719721173955 0.024070940228795763
3 0.5181273598605867 0.7062624382319096 0.0011254719721173955 0.027103499627698965
3 0.5293820795817601 0.6702493738577132 0.0011254719721173955 0.014597035131659055
2 0.5406367993029335 0.6396882826778583 0.0011254719721173955 0.0262505922967577
3 0.5462641591635201 0.6101445204088539 0.0011254719721173955 0.01937994990861682
2 0.5532983589892535 0.5898642794286875 0.0011254719721173955 0.02146483449536305
3 0.5589257188498402 0.5598229878833006 0.0011254719721173955 0.018432275096459706
2 0.5631462387452802 0.5755780816354159 0.0011254719721173955 0.020185473498950727
3 0.577214638396747 0.629228321938672 0.0011254719721173955 0.02073038651594118
3 0.5969103979088004 0.5936547417586138 0.0011254719721173955 0.02042191836458386
3 0.6095719575951205 0.48424592161375485 0.0011254719721173955 0.015210180735124937
0 0.6151993174557071 0.4682811548094497 0.0011254719721173955 0.014729235767955231
2 0.6180129973860005 0.47161815474175856 0.0011254719721173955 0.01923779868679361
3 0.6222335172814405 0.4689409733974141 0.0011254719721173955 0.02876193054897442
3 0.6278608771420272 0.4511009950585527 0.0011254719721173955 0.014025587219928184
2 0.6292677171071739 0.4515274487240235 0.0011254719721173955 0.03260001353821167
2 0.637708756898054 0.4621887903607933 0.0011254719721173955 0.017816286468557506
3 0.6391155968632006 0.4638709131523727 0.0011254719721173955 0.02544506870642408
2 0.6405224368283473 0.4663111757936777 0.0011254719721173955 0.030041291545387025
3 0.6489634766192274 0.43893521965748333 0.0011254719721173955 0.05712109930278217
3 0.6644387162358407 0.4477367494753945 0.0011254719721173955 0.01573140188181128
2 0.6672523961661341 0.4553309415826169 0.0011254719721173955 0.018126176132132913
3 0.6686592361312808 0.4705283287077778 0.0011254719721173955 0.027766871996209374
2 0.6799139558524542 0.38940736478711174 0.0011254719721173955 0.02340756786028578
0 0.6841344757478942 0.34524571854058095 0.0011254719721173955 0.02340756786028578
2 0.6855413157130408 0.34313714208353074 0.0011254719721173955 0.012367156298653014
3 0.6883549956433341 0.2925552359033372 0.0011254719721173955 0.0452036147024981
2 0.6897618356084808 0.31084512285927035 0.0011254719721173955 0.032031408650917116
0 0.6953891954690675 0.28071261761321337 0.0011254719721173955 0.016766736614093246
2 0.7038302352599476 0.25422155283287085 0.0011254719721173955 0.02056454342381386
1 0.710864435085681 0.2792242943207204 0.0011254719721173955 0.031210248426182828
2 0.7221191548068543 0.31015805862045637 0.0011254719721173955 0.034353211940702406
2 0.7291533546325877 0.37266550463683756 0.0011254719721173955 0.030254044540716053
3 0.7404080743537611 0.2986675015230489 0.0011254719721173955 0.020754078386245
2 0.7418149143189078 0.28971197454816233 0.0011254719721173955 0.03563257293711473
2 0.7446285942492011 0.3082153252555338 0.0011254719721173955 0.08230555743586279
3 0.7530696340400812 0.44122148514181275 0.0011254719721173955 0.10590266025857971
2 0.7544764740052279 0.41882082176944435 0.0011254719721173955 0.13454613145603475
2 0.7572901539355211 0.3717806132809855 0.0011254719721173955 0.06842212143775811
3 0.8093432326459483 0.18838184525824148 0.0011254719721173955 0.024023556488187693
3 0.8121569125762417 0.20044100724294325 0.0011254719721173955 0.03667501523048827
2 0.8205979523671216 0.24526033980911138 0.0011254719721173955 0.02976836119948558
3 0.8220047923322683 0.284132539091586 0.0011254719721173955 0.0968286739321735
2 0.8248184722625617 0.3234255059906587 0.0011254719721173955 0.04108170310701979
0 0.8262253122277083 0.27000033845529003 0.0011254719721173955 0.03146280376362284
2 0.8360731919837351 0.24600047383740617 0.0011254719721173955 0.02553983618763965
2 0.8402937118791751 0.24860657957083873 0.0011254719721173955 0.01900087998375426
2 0.8473279117049085 0.2842391525079536 0.0011254719721173955 0.023075881676030575
1 0.8501415916352019 0.28378900697217885 0.0011254719721173955 0.011087795302240409
2 0.8515484316003484 0.27101908887835935 0.0011254719721173955 0.024876463819129526
2 0.857175791460935 0.25062038854667307 0.0011254719721173008 0.021986055642049678
