2 0.16923104850421142 0.8069269367197262 0.0011254719721173483 0.007278556911851979
3 0.1706378884693581 0.8068638205481008 0.0011254719721173483 0.015147881190118397
3 0.2029952076677316 0.7911478938133527 0.0011254719721173483 0.007952637624812126
3 0.20862256752831831 0.7977542634973932 0.0011254719721173244 0.011402567565861688
3 0.21706360731919838 0.806116525076055 0.0011254719721173483 0.01659955313750473
2 0.22128412721463842 0.8108615988588594 0.0011254719721173483 0.00858379934106722
1 0.22409780714493177 0.8306794455875485 0.0011254719721173483 0.030885267423219176
1 0.22550464711007842 0.8338876405912723 0.0011254719721173483 0.010919097691210453
0 0.22831832704037178 0.8182878476123152 0.0011254719721173483 0.010308133149875687
2 0.24660724658727853 0.802477246620129 0.0011254719721173483 0.01041416831820655
1 0.2480140865524252 0.799269051616405 0.0011254719721173483 0.007027354548782512
2 0.2691166860296253 0.8299643393630316 0.0011254719721173483 0.0114442242391344
3 0.270523525994772 0.8311212587889268 0.0011254719721173483 0.007027354548782512
3 0.2761508858553587 0.8228113836327142 0.0011254719721173483 0.013296052714626541
3 0.2972534853325588 0.8325306429013242 0.0011254719721173483 0.010603516833082978
2 0.30288084519314545 0.8233901589265201 0.0011254719721173483 0.0075108244234337465
2 0.3225766047051989 0.8024248601976797 0.0011254719721173483 0.011402567565861688
2 0.3267971246006389 0.8012679407717846 0.0011254719721173483 0.004544364357035562
3 0.3282039645657856 0.8038658023958899 0.0011254719721173483 0.011550259407465404
3 0.33523816439151893 0.7838264179047953 0.0011254719721173483 0.011317991895883638
2 0.34649288411269236 0.7701510369986997 0.0011254719721173483 0.005512566429770657
3 0.34789972407783903 0.7702987288403034 0.0011254719721173483 0.011781264595614687
1 0.3493065640429857 0.7764519244120729 0.0011254719721173483 0.005617339274669036
1 0.3507134040081324 0.7734961940948508 0.0011254719721173483 0.007910980951539415
0 0.35212024397327907 0.7663432383645338 0.0011254719721173483 0.011108446206086881
2 0.36196812372930576 0.7327023188881455 0.0011254719721173483 0.005680455446294416
2 0.3661886436247458 0.7407811888562088 0.0011254719721173483 0.012497001981847831
3 0.37040916352018577 0.7179022078036834 0.0011254719721173483 0.009150582562264163
3 0.37744336334591916 0.7139883740011865 0.0011254719721173483 0.010666633004708501
0 0.37885020331106584 0.7166708112952699 0.0011254719721173483 0.008710031684318125
2 0.38307072320650587 0.7140830482586247 0.0011254719721173483 0.006816546535553414
3 0.3858844031367992 0.7118361125487571 0.0011254719721173483 0.008533306403766688
2 0.4027664827185593 0.7258857723525921 0.0011254719721173483 0.017293831025385346
3 0.4069870026139993 0.7229824284578195 0.0011254719721173483 0.009972355116828169
3 0.41542804240487935 0.7337437357199661 0.0011254719721173483 0.022658705613552287
3 0.42246224223061274 0.7302407881947512 0.0011254719721173483 0.014390487130612542
2 0.42527592216090604 0.7365208472714879 0.0011254719721173483 0.016473320794253822
1 0.4266827621260527 0.732386738030018 0.0011254719721173955 0.010603516833082836
3 0.4351238019169328 0.7165130208662063 0.0011254719721173955 0.01331751221297921
1 0.439344321812373 0.6804105706964237 0.0011254719721173955 0.01861927062952077
3 0.4463785216381064 0.6632429720142895 0.0011254719721173955 0.012055188780469309
2 0.4534127214638397 0.6633376462717276 0.0011254719721173955 0.021964427725671955
3 0.4604469212895731 0.6435191683813227 0.0011254719721173955 0.024362842247440567
2 0.47170164101074646 0.6294442621088375 0.0011254719721173955 0.01047728448983193
2 0.4745153209410398 0.6199137201933879 0.0011254719721173955 0.014390487130612542
2 0.48295636073191983 0.6299807495676543 0.0011254719721173955 0.010414168318206407
3 0.4913974005227999 0.6024305406531261 0.0011254719721173955 0.015021648846867493
3 0.49983844031367997 0.588103169694139 0.0011254719721173955 0.008583799341067077
3 0.5054658001742667 0.5960558073189512 0.0011254719721173955 0.010351052146580884
1 0.50827948010456 0.6067224403236596 0.0011254719721173955 0.009719890430326075
2 0.5125 0.6112036885090698 0.0011254719721173955 0.01615773993612649
3 0.5139068399651466 0.6133811964301493 0.0011254719721173955 0.03149496964112146
2 0.5251615596863201 0.6218072053421527 0.0011254719721173955 0.011865840265593022
2 0.5406367993029335 0.5239771393226372 0.0011254719721173955 0.010098587460079073
2 0.5490778390938135 0.5124899960867974 0.0011254719721173955 0.012370769638596926
3 0.5603325588149869 0.4959535591209179 0.0011254719721173955 0.020197174920158146
3 0.5673667586407203 0.4714644845302262 0.0011254719721173955 0.024489074590691617
2 0.5701804385710136 0.46931853469495954 0.0011254719721173955 0.013633093071106685
3 0.577214638396747 0.474872757798003 0.0011254719721173955 0.024741539277193567
3 0.581435158292187 0.47575638420075994 0.0011254719721173955 0.010855981519585072
2 0.5926898780133604 0.4551173960792234 0.0011254719721173955 0.017672528055138203
3 0.5969103979088004 0.43817070399777824 0.0011254719721173955 0.010919097691210453
2 0.6025377577693871 0.4512673096100682 0.0011254719721173955 0.01540034587662049
3 0.6081651176299738 0.4263995379896236 0.0011254719721173955 0.043928855451343764
3 0.6123856375254139 0.4142181168659034 0.0011254719721173955 0.01628397227937725
2 0.6278608771420272 0.3372795036544264 0.0011254719721173955 0.025751398023201377
2 0.6334882370026139 0.3112125247730973 0.0011254719721173955 0.01678890165238144
3 0.6391155968632006 0.287910034208965 0.0011254719721173955 0.029513121852080815
3 0.6489634766192274 0.2911706156351381 0.0011254719721173955 0.034898193615168084
0 0.6616250363055474 0.3473780911145054 0.0011254719721173955 0.013633093071106685
3 0.6658455562009874 0.33305072015551823 0.0011254719721173955 0.018808619144397055
2 0.6799139558524542 0.30944527196758354 0.0011254719721173955 0.01880861914439734
2 0.6897618356084808 0.24550859011095824 0.0011254719721173955 0.041909137959328005
3 0.6953891954690675 0.1952681174970651 0.0011254719721173955 0.02524646865019747
2 0.6996097153645076 0.18441213597748005 0.0011254719721173955 0.023479215844683664
0 0.7038302352599476 0.18087763036645244 0.0011254719721173955 0.01868238680114615
1 0.7094575951205343 0.30546895315517736 0.0011254719721173955 0.031810550499248934
2 0.719305474876561 0.2778240699832111 0.0011254719721173955 0.020702104293162053
3 0.7263396747022943 0.3861314204925586 0.0011254719721173955 0.0532700488519167
1 0.7291533546325877 0.41484927858215825 0.0011254719721173955 0.01653643696587949
0 0.7347807144931744 0.3948730102626895 0.0011254719721173955 0.019755361718779625
3 0.7390012343886144 0.39910179376159755 0.0011254719721173955 0.033893384162890214
2 0.7446285942492011 0.3950308006917531 0.0011254719721173955 0.04834698746512828
6 0.7474422741794945 0.3591019199939408 0.0011254719721173955 0.025593607594137636
2 0.7516627940749345 0.43605631224832414 0.0011254719721173955 0.08141986139688712
2 0.7544764740052279 0.3871412792385665 0.0011254719721173955 0.09820876304926855
2 0.7657311937264012 0.29656957295598274 0.0011254719721173955 0.030421994723488124
0 0.7671380336915481 0.28021049243237106 0.0011254719721173955 0.0307767076080232
2 0.7685448736566948 0.28580763453211977 0.0011254719721173955 0.03225110137719483
2 0.7812064333430148 0.2374246708491649 0.0011254719721173955 0.011623474166550948
3 0.7826132733081614 0.2428261528168747 0.0011254719721173955 0.024930887792069995
2 0.7882406331687482 0.2650746033148614 0.0011254719721173955 0.018934851487648105
2 0.7980885129247749 0.2752994231181913 0.0011254719721173955 0.01943978086065215
1 0.7994953528899216 0.2574059884623638 0.0011254719721173955 0.015337229704994968
2 0.8037158727853616 0.2501160706396193 0.0011254719721173955 0.029412135977480318
0 0.8121569125762417 0.25585964225753927 0.0011254719721173955 0.013633093071106543
0 0.8135637525413884 0.25618027240939667 0.0011254719721173955 0.02031330867594903
0 0.8163774324716816 0.293287532031457 0.0011254719721173955 0.023100518814930665
3 0.827632152192855 0.24897997955036033 0.0011254719721173955 0.017798760398389107
2 0.8360731919837351 0.24778077228947595 0.0011254719721173955 0.013380628384604734
3 0.8388868719140284 0.24916932806523684 0.0011254719721173955 0.03357780330476274
2 0.8445142317746152 0.28363075777275654 0.0011254719721173955 0.01842992211464434
3 0.8501415916352019 0.2855867279314306 0.0011254719721173955 0.01325565836478603
3 0.8543621115306417 0.2750469584316893 0.0011254719721173008 0.012623234325098735
2 0.8557689514957884 0.2704710359888411 0.0011254719721173008 0.02026029109178353
3 0.861396311356375 0.24607663565558766 0.0011254719721173008 0.020070942576906815
